100
23452437502938457023945780239485723945872039458702349578023945802398457023945782394587293457829345872943572943587293485702349572349587000000253489572309458720934572093457820394582034985723094857203945872093457203945872039457
23452437502938457023945780239485723945872039458702349578023945802398457023945782394587293457829345872943572943587293485702349572349587000000253489572309458720934572093457820394582034985723094857203945872093457203945872039457
23452437502938457023945780239485723945872039458702349578023945802398457023945782394587293457829345872943572943587293485702349572349587000000253489572309458720934572093457820394582034985723094857203945872093457203945872039457
23452437502938457023945780239485723945872039458702349578023945802398457023945782394587293457829345872943572943587293485702349572349587000000253489572309458720934572093457820394582034985723094857203945872093457203945872039457
23452437502938457023945780239485723945872039458702349578023945802398457023945782394587293457829345872943572943587293485702349572349587000000253489572309458720934572093457820394582034985723094857203945872093457203945872039457
23452437502938457023945780239485723945872039458702349578023945802398457023945782394587293457829345872943572943587293485702349572349587000000253489572309458720934572093457820394582034985723094857203945872093457203945872039457
23452437502938457023945780239485723945872039458702349578023945802398457023945782394587293457829345872943572943587293485702349572349587000000253489572309458720934572093457820394582034985723094857203945872093457203945872039457
23452437502938457023945780239485723945872039458702349578023945802398457023945782394587293457829345872943572943587293485702349572349587000000253489572309458720934572093457820394582034985723094857203945872093457203945872039457
23452437502938457023945780239485723945872039458702349578023945802398457023945782394587293457829345872943572943587293485702349572349587000000253489572309458720934572093457820394582034985723094857203945872093457203945872039457
23452437502938457023945780239485723945872039458702349578023945802398457023945782394587293457829345872943572943587293485702349572349587000000253489572309458720934572093457820394582034985723094857203945872093457203945872039457
23452437502938457023945780239485723945872039458702349578023945802398457023945782394587293457829345872943572943587293485702349572349587000000253489572309458720934572093457820394582034985723094857203945872093457203945872039457
23452437502938457023945780239485723945872039458702349578023945802398457023945782394587293457829345872943572943587293485702349572349587000000253489572309458720934572093457820394582034985723094857203945872093457203945872039457
23452437502938457023945780239485723945872039458702349578023945802398457023945782394587293457829345872943572943587293485702349572349587000000253489572309458720934572093457820394582034985723094857203945872093457203945872039457
23452437502938457023945780239485723945872039458702349578023945802398457023945782394587293457829345872943572943587293485702349572349587000000253489572309458720934572093457820394582034985723094857203945872093457203945872039457
23452437502938457023945780239485723945872039458702349578023945802398457023945782394587293457829345872943572943587293485702349572349587000000253489572309458720934572093457820394582034985723094857203945872093457203945872039457
23452437502938457023945780239485723945872039458702349578023945802398457023945782394587293457829345872943572943587293485702349572349587000000253489572309458720934572093457820394582034985723094857203945872093457203945872039457
23452437502938457023945780239485723945872039458702349578023945802398457023945782394587293457829345872943572943587293485702349572349587000000253489572309458720934572093457820394582034985723094857203945872093457203945872039457
23452437502938457023945780239485723945872039458702349578023945802398457023945782394587293457829345872943572943587293485702349572349587000000253489572309458720934572093457820394582034985723094857203945872093457203945872039457
23452437502938457023945780239485723945872039458702349578023945802398457023945782394587293457829345872943572943587293485702349572349587000000253489572309458720934572093457820394582034985723094857203945872093457203945872039457
23452437502938457023945780239485723945872039458702349578023945802398457023945782394587293457829345872943572943587293485702349572349587000000253489572309458720934572093457820394582034985723094857203945872093457203945872039457
23452437502938457023945780239485723945872039458702349578023945802398457023945782394587293457829345872943572943587293485702349572349587000000253489572309458720934572093457820394582034985723094857203945872093457203945872039457
23452437502938457023945780239485723945872039458702349578023945802398457023945782394587293457829345872943572943587293485702349572349587000000253489572309458720934572093457820394582034985723094857203945872093457203945872039457
23452437502938457023945780239485723945872039458702349578023945802398457023945782394587293457829345872943572943587293485702349572349587000000253489572309458720934572093457820394582034985723094857203945872093457203945872039457
23452437502938457023945780239485723945872039458702349578023945802398457023945782394587293457829345872943572943587293485702349572349587000000253489572309458720934572093457820394582034985723094857203945872093457203945872039457
23452437502938457023945780239485723945872039458702349578023945802398457023945782394587293457829345872943572943587293485702349572349587000000253489572309458720934572093457820394582034985723094857203945872093457203945872039457
23452437502938457023945780239485723945872039458702349578023945802398457023945782394587293457829345872943572943587293485702349572349587000000253489572309458720934572093457820394582034985723094857203945872093457203945872039457
23452437502938457023945780239485723945872039458702349578023945802398457023945782394587293457829345872943572943587293485702349572349587000000253489572309458720934572093457820394582034985723094857203945872093457203945872039457
23452437502938457023945780239485723945872039458702349578023945802398457023945782394587293457829345872943572943587293485702349572349587000000253489572309458720934572093457820394582034985723094857203945872093457203945872039457
23452437502938457023945780239485723945872039458702349578023945802398457023945782394587293457829345872943572943587293485702349572349587000000253489572309458720934572093457820394582034985723094857203945872093457203945872039457
23452437502938457023945780239485723945872039458702349578023945802398457023945782394587293457829345872943572943587293485702349572349587000000253489572309458720934572093457820394582034985723094857203945872093457203945872039457
23452437502938457023945780239485723945872039458702349578023945802398457023945782394587293457829345872943572943587293485702349572349587000000253489572309458720934572093457820394582034985723094857203945872093457203945872039457
23452437502938457023945780239485723945872039458702349578023945802398457023945782394587293457829345872943572943587293485702349572349587000000253489572309458720934572093457820394582034985723094857203945872093457203945872039457
23452437502938457023945780239485723945872039458702349578023945802398457023945782394587293457829345872943572943587293485702349572349587000000253489572309458720934572093457820394582034985723094857203945872093457203945872039457
23452437502938457023945780239485723945872039458702349578023945802398457023945782394587293457829345872943572943587293485702349572349587000000253489572309458720934572093457820394582034985723094857203945872093457203945872039457
23452437502938457023945780239485723945872039458702349578023945802398457023945782394587293457829345872943572943587293485702349572349587000000253489572309458720934572093457820394582034985723094857203945872093457203945872039457
23452437502938457023945780239485723945872039458702349578023945802398457023945782394587293457829345872943572943587293485702349572349587000000253489572309458720934572093457820394582034985723094857203945872093457203945872039457
23452437502938457023945780239485723945872039458702349578023945802398457023945782394587293457829345872943572943587293485702349572349587000000253489572309458720934572093457820394582034985723094857203945872093457203945872039457
23452437502938457023945780239485723945872039458702349578023945802398457023945782394587293457829345872943572943587293485702349572349587000000253489572309458720934572093457820394582034985723094857203945872093457203945872039457
23452437502938457023945780239485723945872039458702349578023945802398457023945782394587293457829345872943572943587293485702349572349587000000253489572309458720934572093457820394582034985723094857203945872093457203945872039457
23452437502938457023945780239485723945872039458702349578023945802398457023945782394587293457829345872943572943587293485702349572349587000000253489572309458720934572093457820394582034985723094857203945872093457203945872039457
23452437502938457023945780239485723945872039458702349578023945802398457023945782394587293457829345872943572943587293485702349572349587000000253489572309458720934572093457820394582034985723094857203945872093457203945872039457
23452437502938457023945780239485723945872039458702349578023945802398457023945782394587293457829345872943572943587293485702349572349587000000253489572309458720934572093457820394582034985723094857203945872093457203945872039457
23452437502938457023945780239485723945872039458702349578023945802398457023945782394587293457829345872943572943587293485702349572349587000000253489572309458720934572093457820394582034985723094857203945872093457203945872039457
23452437502938457023945780239485723945872039458702349578023945802398457023945782394587293457829345872943572943587293485702349572349587000000253489572309458720934572093457820394582034985723094857203945872093457203945872039457
23452437502938457023945780239485723945872039458702349578023945802398457023945782394587293457829345872943572943587293485702349572349587000000253489572309458720934572093457820394582034985723094857203945872093457203945872039457
23452437502938457023945780239485723945872039458702349578023945802398457023945782394587293457829345872943572943587293485702349572349587000000253489572309458720934572093457820394582034985723094857203945872093457203945872039457
23452437502938457023945780239485723945872039458702349578023945802398457023945782394587293457829345872943572943587293485702349572349587000000253489572309458720934572093457820394582034985723094857203945872093457203945872039457
23452437502938457023945780239485723945872039458702349578023945802398457023945782394587293457829345872943572943587293485702349572349587000000253489572309458720934572093457820394582034985723094857203945872093457203945872039457
23452437502938457023945780239485723945872039458702349578023945802398457023945782394587293457829345872943572943587293485702349572349587000000253489572309458720934572093457820394582034985723094857203945872093457203945872039457
23452437502938457023945780239485723945872039458702349578023945802398457023945782394587293457829345872943572943587293485702349572349587000000253489572309458720934572093457820394582034985723094857203945872093457203945872039457
23452437502938457023945780239485723945872039458702349578023945802398457023945782394587293457829345872943572943587293485702349572349587000000253489572309458720934572093457820394582034985723094857203945872093457203945872039457
23452437502938457023945780239485723945872039458702349578023945802398457023945782394587293457829345872943572943587293485702349572349587000000253489572309458720934572093457820394582034985723094857203945872093457203945872039457
23452437502938457023945780239485723945872039458702349578023945802398457023945782394587293457829345872943572943587293485702349572349587000000253489572309458720934572093457820394582034985723094857203945872093457203945872039457
23452437502938457023945780239485723945872039458702349578023945802398457023945782394587293457829345872943572943587293485702349572349587000000253489572309458720934572093457820394582034985723094857203945872093457203945872039457
23452437502938457023945780239485723945872039458702349578023945802398457023945782394587293457829345872943572943587293485702349572349587000000253489572309458720934572093457820394582034985723094857203945872093457203945872039457
23452437502938457023945780239485723945872039458702349578023945802398457023945782394587293457829345872943572943587293485702349572349587000000253489572309458720934572093457820394582034985723094857203945872093457203945872039457
23452437502938457023945780239485723945872039458702349578023945802398457023945782394587293457829345872943572943587293485702349572349587000000253489572309458720934572093457820394582034985723094857203945872093457203945872039457
23452437502938457023945780239485723945872039458702349578023945802398457023945782394587293457829345872943572943587293485702349572349587000000253489572309458720934572093457820394582034985723094857203945872093457203945872039457
23452437502938457023945780239485723945872039458702349578023945802398457023945782394587293457829345872943572943587293485702349572349587000000253489572309458720934572093457820394582034985723094857203945872093457203945872039457
23452437502938457023945780239485723945872039458702349578023945802398457023945782394587293457829345872943572943587293485702349572349587000000253489572309458720934572093457820394582034985723094857203945872093457203945872039457
